14


4 0.066 83.055
4 0 0
0 1 0

4 0.066 83.055
4 0 0
0 1 0

-8.153 -1.989 39.053
-14 -2 27
0 1 0

-8.153 -1.989 39.053
-14 -2 27
0 1 0

-16.850 -1.989 16.268
-15 -2 3
0 1 0

-16.850 -1.989 16.268
-15 -2 3
0 1 0

-2.696 -1.989 10.122
0 -2 -3
0 1 0

3 -1.989 1.396
3 -2 -12
0 1 0



18.172 -1.989 8.764
9 -2 -5
0 1 0


18.172 -1.989 8.764
9 -2 -5 
0 1 0

21.653 -1.989 21.914
18 -2 9
0 1 0


21.653 -1.989 21.914
18 -2 9
0 1 0

51.166 30.326 31.030
10 0 15
-0.527 0.825 -0.205

51.166 30.326 31.030
10 0 15
-0.527 0.825 -0.205

15 150 10 60 10 45 60 45 6 45 6 120 10000

